$ANSIBLE_VAULT;1.2;AES256;members
37396136616632333535306339303364613563346563643764353564333032633030656338336430
3834303163386232303863303130303966313164653263650a383139613666373966373330376163
35333731643330633563633661393163383865666165333033393936316330353063633330646433
6336663566666538390a326532363131613363363638643762663662323464353632313761373165
33636138333035663339653634366230613437336564353965653531306537323235633033643961
37313330333232353762376366353935643764353537363465396363383538306233653534383136
34646237643734326535656635373033323734643738326561366333663432626361663734623833
34346538323963373766656337626131306565303939613765316566343465373637353835373138
33646566393961623437646132303638303938316236643362313133313266653435663038616239
33643330366131336434393666333831323135373865643030613535396431633131623664353062
35663034396638313238626237333661316334353466623932313164336232363730663136646337
62393031656138353366363530633933366662363763613265616234373533646663623861373237
63663865326133316666653036393066383366386230303332663566316434623733323639613737
66393132643431636536376664353036333562376630666339656336643765656266633166353235
66383232326565646265356639306536326462653338313863343261333236396433313261613834
62623636663363633834373234326163623333656565626539326338346565613662653331613630
64363832613566346664376637383962356432633030666634353139393034666264623439623139
61653639363534653132333634346533666533663335346232346238366237313963343332323633
36343832383366633932303961396134643063326535313965623266663138663732323662356130
61396134643037383036653831653139653539663936313831666435623061313431333461393765
33356636353365643966366465633364656665366137363464336430383237313331633932613231
33366431386237633337396336326234383065346432396338323132376436386364343935306562
63313566356262373733363433366331376330396537333130636439373930646561623934313530
62643462326430376438343134383033393466613731313664333363333366333835653030326666
62336164373030646163316237306339306631326262383066343061336531343335356138306434
63383431663332613962333733366262336431623534316332323731363434373235393036613234
383631396265336231646436383330396437
